0.4166666667
0.9166666667
1.483333333
1.666666667
1.9
2.183333333
2.533333333
2.75
2.916666667
3.083333333
3.233333333
3.383333333
4.833333333
5.15
5.666666667
5.8
5.916666667
6.05
6.183333333
6.333333333
6.7
7.066666667
7.166666667
7.283333333
7.366666667
7.7
7.933333333
8.15
8.3
8.433333333
8.55
8.683333333
8.8
8.9
9
9.133333333
9.366666667
9.433333333
9.6
9.9
10.03333333
10.15
10.26666667
10.35
10.45
10.63333333
10.75
10.86666667
10.96666667
11.05
11.11666667
11.33333333
11.45
11.68333333
12.08333333
12.9
13.4
13.66666667
15.53333333
17.13333333
19.5
19.61666667
19.76666667
19.86666667
19.93333333
20.4
20.55
20.65
20.81666667
20.96666667
21.06666667
21.15
21.65
21.85
22.93333333
23.06666667
23.15
23.5
24.16666667
24.33333333
24.48333333
24.68333333
25.1
25.33333333
25.5
25.75
26.31666667
26.58333333
26.73333333
26.9