0.2166666667
0.25
0.3333333333
0.3333333333
0.2833333333
0.3166666667
0.2666666667
0.35
0.35
0.2666666667
0.3166666667
0.2166666667
0.3666666667
0.5833333333
0.6
0.6666666667
0.6833333333
0.7
0.6666666667
0.6666666667
0
0.5833333333
0.5333333333
0.5666666667
0.55
0.3666666667
0.1
0.5666666667
0.6
0.5666666667
0.4833333333
0.06666666667
0.2666666667
0.5333333333
0.6166666667
0.6166666667
0.6666666667
0.6833333333
0.2666666667
0.4666666667
0.5
0.5
0.5333333333
0.1833333333
0.3666666667
0.3833333333
0.3666666667
0.3666666667
0.35
0.3333333333
0.3
0.3333333333
0.5333333333
0.4
0.6
0.6
0.7
0.4666666667
0.6166666667
0.6666666667
0.5833333333
0.6666666667
0.8
0.8
0.7833333333
0.3166666667
0.5
0.5
0.5833333333
0.6166666667
0.5833333333
0.6666666667
0.65
0.6833333333
0.5666666667
0.5833333333
0.65
0.65
0.65
0.7
0.7333333333
0.2
0.35
0.3
0.3666666667
0.5
0.3833333333
0.2833333333
0.4166666667
0.3166666667